[[  0  0  0  0  0  0  0  0  0  0  0  0  0  0255255  0  0  0  0  0  0  0  0  0  0  0  0]
 [  0  0  0  0  0  0  0  0  0  0  0 72255255255255255255255  0  0  0  0  0  0  0  0  0]
 [  0  0  0  0  0  0  0  0  0  0255255255255255255255255255255255  0  0  0  0  0  0  0]
 [  0  0  0  0  0  0  0  0  0255255255255255  0  0  0255255255255  0  0  0  0  0  0  0]
 [  0  0  0  0  0  0  0  0255255255255  0  0  0  0  0  0255255255  0  0  0  0  0  0  0]
 [  0  0  0  0  0  0  0  0255255255  0  0  0  0  0  0  0255255255  0  0  0  0  0  0  0]
 [  0  0  0  0  0  0  0255255255  0  0  0  0  0  0  0  0255255255  0  0  0  0  0  0  0]
 [  0  0  0  0  0  0  0255255255  0  0  0  0  0  0  0  0255255255  0  0  0  0  0  0  0]
 [  0  0  0  0  0  0  0  0255255255  0  0  0  0  0  0127255255255  0  0  0  0  0  0  0]
 [  0  0  0  0  0  0  0  0255255255255  0  0  0  0  0255255255255  0  0  0  0  0  0  0]
 [  0  0  0  0  0  0  0  0  0255255255255255255255255255255255255  0  0  0  0  0  0  0]
 [  0  0  0  0  0  0  0  0  0  0255255255255255255255255255255255  0  0  0  0  0  0  0]
 [  0  0  0  0  0  0  0  0  0  0  0  0255255255255255  0255255255  0  0  0  0  0  0  0]
 [  0  0  0  0  0  0  0  0  0  0  0  0  0  0  0  0  0  0255255255  0  0  0  0  0  0  0]
 [  0  0  0  0  0  0  0  0  0  0  0  0  0  0  0  0  0  0255255255  0  0  0  0  0  0  0]
 [  0  0  0  0  0  0  0  0  0  0  0  0  0  0  0  0  0  0255255255  0  0  0  0  0  0  0]
 [  0  0  0  0  0  0  0  0  0  0  0  0  0  0  0  0  0  0255255255  0  0  0  0  0  0  0]
 [  0  0  0  0  0  0  0  0  0  0  0  0  0  0  0  0  0  0255255255  0  0  0  0  0  0  0]
 [  0  0  0  0  0  0  0  0  0  0  0  0  0  0  0  0  0  0255255255  0  0  0  0  0  0  0]
 [  0  0  0  0  0  0  0  0  0  0  0  0  0  0  0  0  0  0255255255  0  0  0  0  0  0  0]
 [  0  0  0  0  0  0  0  0  0  0  0  0  0  0  0  0  0  0255255237  0  0  0  0  0  0  0]
 [  0  0  0  0  0  0  0  0  0  0  0  0  0  0  0  0  0  0255255  0  0  0  0  0  0  0  0]
 [  0  0  0  0  0  0  0  0  0  0  0  0  0  0  0  0  0  0255255  0  0  0  0  0  0  0  0]
 [  0  0  0  0  0  0  0  0  0  0  0  0  0  0  0  0  0  0255255  0  0  0  0  0  0  0  0]
 [  0  0  0  0  0  0  0  0  0  0  0  0  0  0  0  0  0  0255255  0  0  0  0  0  0  0  0]
 [  0  0  0  0  0  0  0  0  0  0  0  0  0  0  0  0  0  0255255  0  0  0  0  0  0  0  0]
 [  0  0  0  0  0  0  0  0  0  0  0  0  0  0  0  0  0  0255255  0  0  0  0  0  0  0  0]
 [  0  0  0  0  0  0  0  0  0  0  0  0  0  0  0  0  0  0255255  0  0  0  0  0  0  0  0]]