[[  0  0  0  0  0  0  0  0255255255255255255255255255  0  0  0  0  0  0  0  0  0  0  0]
 [  0  0  0  0  0  0255255255255255255255255255255255255129  0  0  0  0  0  0  0  0  0]
 [  0  0  0  0  0255255255255  0  0  0  0  0  0  0255255255  0  0  0  0  0  0  0  0  0]
 [  0  0  0  0  0255255255  0  0  0  0  0  0  0  0  0255255255  0  0  0  0  0  0  0  0]
 [  0  0  0  0  0255255  0  0  0  0  0  0  0  0  0  0  0255255255  0  0  0  0  0  0  0]
 [  0  0  0  0  0  0  0  0  0  0  0  0  0  0  0  0  0  0  0255255  0  0  0  0  0  0  0]
 [  0  0  0  0  0  0  0  0  0  0  0  0  0  0  0  0  0  0  0255255  0  0  0  0  0  0  0]
 [  0  0  0  0  0  0  0  0  0  0  0  0  0  0  0  0  0  0  0255255 18  0  0  0  0  0  0]
 [  0  0  0  0  0  0  0  0  0  0  0  0  0  0  0  0  0  0  0255255255  0  0  0  0  0  0]
 [  0  0  0  0  0  0  0  0  0  0  0  0  0  0  0  0  0  0  0255255  0  0  0  0  0  0  0]
 [  0  0  0  0  0  0  0  0  0  0  0  0  0  0  0  0  0  0  0255255  0  0  0  0  0  0  0]
 [  0  0  0  0  0  0  0  0  0  0  0  0  0  0  0  0  0  0255255255  0  0  0  0  0  0  0]
 [  0  0  0  0  0  0  0  0  0  0  0  0  0  0  0  0  0  0255255  0  0  0  0  0  0  0  0]
 [  0  0  0  0  0  0  0  0  0  0  0  0  0  0  0  0  0255255255  0  0  0  0  0  0  0  0]
 [  0  0  0  0  0  0  0  0  0  0  0  0  0  0  0  0  0255255 14  0  0  0  0  0  0  0  0]
 [  0  0  0  0  0  0  0  0  0  0  0  0  0  0  0  0255255255  0  0  0  0  0  0  0  0  0]
 [  0  0  0  0  0  0  0  0  0  0  0  0  0  0  0255255255  0  0  0  0  0  0  0  0  0  0]
 [  0  0  0  0  0  0  0  0  0  0  0  0  0  0255255255  0  0  0  0  0  0  0  0  0  0  0]
 [  0  0  0  0  0  0  0  0  0  0  0  0  0255255255  0  0  0  0  0  0  0  0  0  0  0  0]
 [  0  0  0  0  0  0  0  0  0  0  0  0255255255  0  0  0  0  0  0  0  0  0  0  0  0  0]
 [  0  0  0  0  0  0  0  0  0  0  0255255255  0  0  0  0  0  0  0  0  0  0  0  0  0  0]
 [  0  0  0  0  0  0  0  0  0255255255255  0  0  0  0  0  0  0  0  0  0  0  0  0  0  0]
 [  0  0  0  0  0  0  0  0255255255255  0  0  0  0  0  0  0  0  0  0  0  0  0  0  0  0]
 [  0  0  0  0  0  0255255255255255255255255255255255255255255255255255  0  0  0  0  0]
 [  0  0  0  0255255255255255255255255255255255255255255255255255255255255255  0  0  0]
 [  0  0255255255255255255255255  0  0  0  0  0  0  0  0  0  0  0255255255  0  0  0  0]
 [  0  0255255255200  0  0  0  0  0  0  0  0  0  0  0  0  0  0  0  0  0  0  0  0  0  0]
 [  0  0  0  0  0  0  0  0  0  0  0  0  0  0  0  0  0  0  0  0  0  0  0  0  0  0  0  0]]